20210120 080000   -6.43
20210120 120000   -1.9451
20210120 160000    6.8665
20210120 200000    2.7843
20210121 000000   -4.4999
20210121 040000   -1.1325
20210121 080000   -7.3039
20210121 120000   -2.2164
20210121 160000    4.0638
20210121 200000   -8.3338
20210122 000000    8.0401
20210122 040000    5.0174
20210122 080000   10.1125
20210122 120000    2.797
20210122 160000    1.0883
20210122 200000   -0.2247
20210123 000000    3.6641
20210123 040000    5.8608
20210123 080000    1.2612
20210123 120000    4.927
20210123 160000   -1.5008
20210123 200000   -3.1863
20210124 000000    2.5654
20210124 040000    2.8468
20210124 080000    3.28
20210124 120000   -3.5128
20210124 160000   -4.3712
20210124 200000    8.9783
20210125 000000    1.0977
20210125 040000   -5.2575
20210125 080000   -0.7319
20210125 120000   -4.1967
20210125 160000   -0.5032
20210125 200000    1.0454
20210126 000000   -1.3711
20210126 040000    1.5607
20210126 080000   -3.3212
20210126 120000   -1.6851
20210126 160000    6.869
20210126 200000   -0.4257
20210127 000000   -4.5787
20210127 040000    0.8135
20210127 080000   -0.6516
20210127 120000    1.6809
20210127 160000    2.2384
20210127 200000    5.8035
20210128 000000   10.4332
20210128 040000   -1.4876
20210128 080000    2.8422
20210128 120000    5.4991
20210128 160000    6.7681
20210128 200000   -0.9589
20210129 000000    0.2278
20210129 040000    1.6162
20210129 080000   -0.4846
20210129 120000    1.9978
20210129 160000   -0.609
20210129 200000   11.8641
20210130 000000   -2.3094
20210130 040000    9.969
20210130 080000   -2.3906
20210130 120000    3.1028
20210130 160000   -1.9986
20210130 200000    0.8158
20210131 000000   -0.3608
20210131 040000   -5.4958
20210131 080000    5.6813
20210131 120000   -8.9339
20210131 160000   -0.5033
20210131 200000    3.2009
20210201 000000   -0.1163
20210201 040000    0.6765
20210201 080000    6.6204
20210201 120000   -4.6725
20210201 160000   13.9865
20210201 200000   -0.6466
20210202 000000   -5.7755
20210202 040000    2.5366
20210202 080000   -2.2609
20210202 120000   -3.1366
20210202 160000   -2.6131
20210202 200000    1.8479
20210203 000000   -1.4531
20210203 040000   -0.0107
20210203 080000    1.6861
20210203 120000    1.4555
20210203 160000   -1.873
20210203 200000   -1.5889
20210204 000000   -0.7576
20210204 040000    1.6404
20210204 080000    3.6752
20210204 120000   -2.466
20210204 160000    9.3576
20210204 200000   -6.175
20210205 000000    5.1132
20210205 040000    1.5702
20210205 080000   -1.6253
20210205 120000   -3.1601
20210205 160000    1.0802
20210205 200000   -1.0037
20210206 000000   -7.9369
20210206 040000   -1.1479
20210206 080000   -4.5228
20210206 120000    2.5514
20210206 160000    4.4692
20210206 200000   -3.178
20210207 000000   -7.1355
20210207 040000    0.6358
20210207 080000    3.5002
20210207 120000   -8.0019
20210207 160000   17.2447
20210207 200000    1.6495
20210208 000000   -4.9789
20210208 040000    8.6663
20210208 080000    6.7409
20210208 120000    3.4449
20210208 160000    1.7403
20210208 200000    4.5106
20210209 000000   -3.2255
20210209 040000    1.111
20210209 080000   -0.0423
20210209 120000    0.7544
20210209 160000    0.6162
20210209 200000    0.5334
20210210 000000    2.1201
20210210 040000    2.8714
20210210 080000   -0.2453
20210210 120000   -9.9425
20210210 160000    3.5513
20210210 200000   -0.2435
20210211 000000    0.2172
20210211 040000    1.5219
20210211 080000    0.011
20210211 120000    2.3221
20210211 160000   -1.766
20210211 200000   -1.3336
20210212 000000   -5.8636
20210212 040000    3.4397
20210212 080000   -1.4769
20210212 120000   -2.2995
20210212 160000    1.0111
20210212 200000    0.6798
20210213 000000    0.9895
20210213 040000   -3.17
20210213 080000   -2.0524
20210213 120000   -0.9894
20210213 160000    1.3749
20210213 200000    6.4881
20210214 000000   -2.338
20210214 040000    1.523
20210214 080000   -1.1744
20210214 120000   -8.4765
20210214 160000    2.2926
20210214 200000   -1.7205
20210215 000000   -3.4761
20210215 040000    2.8512
20210215 080000    5.4199
20210215 120000    1.0172
20210215 160000    3.3787
20210215 200000  -10.3887
20210216 000000    7.5621
20210216 040000   -2.8472
20210216 080000   -2.1517
20210216 120000   -3.0832
20210216 160000   -1.9181
20210216 200000    4.0093
20210217 000000   -4.0306
20210217 040000   -0.446
20210217 080000    3.2293
20210217 120000   -1.2296
20210217 160000    2.8534
20210217 200000    1.7902
20210218 000000    1.4539
20210218 040000    2.4402
20210218 080000   -2.3772
20210218 120000   -0.7953
20210218 160000   -1.2211
20210218 200000   -0.0477
20210219 000000   -1.1463
20210219 040000    1.9403
20210219 080000    1.3097
20210219 120000    5.555
20210219 160000   10.376
20210219 200000    1.0229
20210220 000000   -2.2406
20210220 040000    2.5295
20210220 080000    8.2048
20210220 120000   -6.3906
20210220 160000    8.5907
20210220 200000   -2.947
20210221 000000   -1.2377
20210221 040000   -4.201
20210221 080000    4.3521
20210221 120000   -2.3348
20210221 160000    0.0041
20210221 200000   -3.1834
20210222 000000   -5.3383
20210222 040000    1.5774
20210222 080000   -5.2316
20210222 120000   -3.4152
20210222 160000    5.5967
20210222 200000    1.3633
20210223 000000   -5.0709
20210223 040000   -8.5876
20210223 080000   -9.9734
20210223 120000   12.9592
20210223 160000   -3.0634
20210223 200000   27.2616
20210224 000000   12.026
20210224 040000   -4.7978
20210224 080000   -5.7289
20210224 120000    0.7454
20210224 160000   -1.0947
20210224 200000    0.53
20210225 000000   -2.2831
20210225 040000    4.1708
20210225 080000    0.4263
20210225 120000    0.4919
20210225 160000   -3.2568
20210225 200000   -9.3014
20210226 000000   -0.5511
20210226 040000   -7.7833
20210226 080000    8.4917
20210226 120000    7.3794
20210226 160000   -2.2592
20210226 200000   -5.0881
20210227 000000    4.0513
20210227 040000    0.4297
20210227 080000    0.2628
20210227 120000   -2.7511
20210227 160000    4.1677
20210227 200000   -3.368
20210228 000000   -8.4888
20210228 040000   -1.0809
20210228 080000    4.8721
20210228 120000   -8.182
20210228 160000    7.2254
20210228 200000    2.9951
20210301 000000    5.5517
20210301 040000   -1.4875
20210301 080000    7.5323
20210301 120000    4.2929
20210301 160000   -4.9067
20210301 200000    7.6537
20210302 000000    1.6349
20210302 040000   -3.2532
20210302 080000    7.7161
20210302 120000   -1.9127
20210302 160000   -7.025
20210302 200000    3.4669
20210303 000000    3.449
20210303 040000    6.8375
20210303 080000    3.2967
20210303 120000   -1.6641
20210303 160000    0.3707
20210303 200000   -2.3615
20210304 000000   -5.4151
20210304 040000    0.8591
20210304 080000   -0.604
20210304 120000    3.5129
20210304 160000   -6.9159
20210304 200000    0.991
20210305 000000   -1.3002
20210305 040000    0.6442
20210305 080000   -1.9681
20210305 120000    3.0542
20210305 160000    4.9893
20210305 200000   -0.8449
20210306 000000   -0.0727
20210306 040000    4.6235
20210306 080000   -0.5422
20210306 120000   -4.0641
20210306 160000    5.3782
20210306 200000   -1.7473
20210307 000000    1.3703
20210307 040000    1.9747
20210307 080000    0.6943
20210307 120000   -4.1116
20210307 160000   -0.6856
20210307 200000    1.0541
20210308 000000   -3.0942
20210308 040000   -1.5784
20210308 080000    2.0014
20210308 120000    1.7744
20210308 160000    1.0482
20210308 200000    2.2273
20210309 000000    0.0858
20210309 040000   -0.2676
20210309 080000    3.521
20210309 120000    0.0017
20210309 160000   -2.4657
20210309 200000    4.6405
20210310 000000   -5.1819
20210310 040000    4.4298
20210310 080000    1.3548
20210310 120000    4.9541
20210310 160000   -0.153
20210310 200000   -2.2089
20210311 000000   -0.2675
20210311 040000   -0.865